keypoint_11: 0.5519377589225769 0.289824903011322 0.12081567943096161
keypoint_12: 0.4371033012866974 0.3036884665489197 -0.24611513316631317
keypoint_13: 0.6304827928543091 0.2670970559120178 0.3253989517688751
keypoint_14: 0.38744550943374634 0.42711734771728516 -0.31160736083984375
keypoint_15: 0.718166172504425 0.2528184950351715 0.4267456829547882
keypoint_16: 0.3527090549468994 0.5453529953956604 -0.25940001010894775
keypoint_23: 0.50454181432724 0.5899248719215393 0.09256573766469955
keypoint_24: 0.4299617409706116 0.5945736169815063 -0.09272079169750214
keypoint_25: 0.6099870800971985 0.6612561941146851 -0.13655900955200195
keypoint_26: 0.34662365913391113 0.7446876168251038 -0.11971016973257065
keypoint_27: 0.6095890998840332 0.8430513143539429 0.0021491593215614557
keypoint_28: 0.23654617369174957 0.8903801441192627 0.03314781188964844
